  x   y  llave  puerta  bola |       UP     DOWN     LEFT    RIGHT   PICKUP   TOGGLE
------------------------------------------------------------------------------------
  0   0      0       0     0 |   -0.080   -0.018   -0.154   -0.039   -0.284   -0.223
  0   0      0       0     1 |    0.000   -0.022   -0.154   -0.030   -0.154   -0.221
  0   0      1       1     1 |    0.000   -0.015    0.000    0.000   -0.080    0.000
  0   1      0       0     0 |   -0.022   -0.056   -0.446   -0.053   -0.537   -0.642
  0   1      0       0     1 |   -0.028    0.000   -0.284   -0.051   -0.341   -0.341
  0   1      1       0     0 |    0.000    0.000   -0.080   -0.015   -0.080    0.000
  0   1      1       1     1 |   -0.015   -0.008   -0.080    0.000    0.000   -0.080
  0   2      0       0     0 |   -0.055   -0.047   -0.541   -0.077   -0.403   -0.709
  0   2      0       0     1 |   -0.015   -0.016   -0.154   -0.008    0.000   -0.080
  0   2      1       0     0 |    0.000   -0.015   -0.080   -0.008   -0.080    0.000
  0   2      1       0     1 |    0.000   -0.008   -0.080    0.000    0.000    0.000
  0   2      1       1     1 |   -0.008   -0.015   -0.080   -0.814    0.000   -0.080
  0   3      0       0     0 |   -0.019   -0.022   -0.284   -0.028   -0.223   -0.222
  0   3      0       0     1 |   -0.015   -0.023   -0.342   -0.034   -0.444   -0.342
  0   3      1       0     0 |   -0.015    0.000   -0.221    0.000    0.000   -0.394
  0   3      1       0     1 |   -0.008    0.000    0.000   -0.015    0.000   -0.080
  0   3      1       1     1 |   -0.022   -0.031   -0.223   -0.008   -0.285   -0.080
  0   4      0       0     0 |   -0.009    0.000    0.000   -0.022    0.000   -0.154
  0   4      0       0     1 |   -0.029   -0.154   -0.154   -0.008   -0.080   -0.285
  0   4      1       0     1 |   -0.015   -0.080   -0.154   -0.008   -0.080   -0.154
  0   4      1       1     1 |   -0.035   -0.223   -0.345   -0.015   -0.224   -0.286
  1   0      0       0     0 |   -0.284   -0.042   -0.038   -0.017   -0.222   -0.284
  1   0      0       0     1 |   -0.155   -0.034   -0.022   -0.034   -0.224   -0.341
  1   0      1       0     0 |    0.000   -0.008    0.000    0.000    0.000    0.000
  1   0      1       0     1 |   -0.080   -0.008    0.000   -0.015   -0.080    0.000
  1   1      0       0     0 |   -0.040   -0.023   -0.056   -0.028   -0.223   -0.448
  1   1      0       0     1 |   -0.828   -0.023   -0.044   -0.028   -0.285   -0.080
  1   1      1       0     0 |    0.000    0.000   -0.015   -0.008    0.000   -0.080
  1   1      1       0     1 |   -0.008    0.000    0.000    0.000    0.000    0.000
  1   1      1       1     1 |   -0.800   -0.022    0.000    0.000    0.000   -0.080
  1   2      0       0     0 |   -0.037   -0.028   -0.090   -0.000   -0.395   -0.395
  1   2      0       0     1 |   -0.017   -0.008   -0.022   -0.015   -0.221   -0.080
  1   2      1       0     0 |    0.000    0.000   -0.008   -0.017    0.000    0.000
  1   2      1       1     1 |   -0.015    0.000   -0.015   -0.008   -0.080    0.000
  1   3      0       0     0 |   -0.052   -0.028   -0.024    0.141   -0.151   -0.408
  1   3      0       0     1 |   -0.023   -0.022   -0.030    0.000   -0.221   -0.394
  1   3      1       0     1 |    0.000   -0.015    0.000   -0.008    0.000   -0.080
  1   3      1       1     1 |    0.000   -0.008   -0.008    0.000    0.000   -0.221
  1   4      0       0     0 |   -0.029   -0.154   -0.008   -0.023    0.000   -0.341
  1   4      0       0     1 |   -0.015   -0.154   -0.015    0.000   -0.154   -0.080
  1   4      1       0     1 |    0.000   -0.154   -0.023    0.000    0.000    0.000
  1   4      1       1     1 |    0.000   -0.221   -0.024   -0.008   -0.080   -0.221
  2   0      0       0     0 |   -0.489   -0.009   -0.008   -0.022   -0.395   -0.285
  2   0      0       0     1 |   -0.221   -0.015   -0.035   -0.028   -0.394   -0.284
  2   0      1       0     0 |   -0.221   -0.015   -0.008   -0.023    0.000    0.000
  2   0      1       0     1 |    0.000   -0.015   -0.015   -0.015   -0.154   -0.221
  2   0      1       1     1 |    0.000   -0.015    0.000   -0.015   -0.080    0.000
  2   1      0       0     0 |   -0.030    0.029   -0.025    0.093   -0.332   -0.331
  2   1      0       0     1 |   -0.030   -0.008   -0.028   -0.015   -0.154   -0.154
  2   1      1       0     0 |   -0.022   -0.023    0.000   -0.015    0.000   -0.154
  2   1      1       0     1 |   -0.008   -0.008    0.000   -0.008    0.000    0.000
  2   1      1       1     1 |   -0.015    0.000   -0.015    0.000   -0.080    0.000
  2   2      0       0     0 |   -0.042    0.470   -0.036   -0.008   -0.311   -0.371
  2   2      0       0     1 |   -0.015   -0.022   -0.009   -0.008    0.000   -0.154
  2   2      1       0     0 |   -0.022    0.035   -0.015   -0.015   -0.343   -0.223
  2   2      1       0     1 |   -0.008    0.003    0.000   -0.008   -0.080   -0.154
  2   2      1       1     1 |   -0.015   -0.008    0.000    0.000    0.000    0.000
  2   3      0       0     0 |   -0.001   -0.015   -0.007   -0.014    2.213   -0.041
  2   3      0       0     1 |   -0.028   -0.034   -0.015    0.000   -0.154   -0.154
  2   3      1       0     0 |   -0.016   -0.008    0.000   -0.008    1.536   -0.080
  2   3      1       0     1 |   -0.015   -0.008   -0.008    0.645   -0.154   -0.244
  2   3      1       1     1 |   -0.008   -0.008   -0.008    0.000   -0.154   -0.154
  2   4      0       0     0 |   -0.008   -0.343   -0.028   -0.025   -0.285   -0.951
  2   4      0       0     1 |   -0.034   -0.154    0.000    0.000    0.000   -0.080
  2   4      1       0     0 |    0.000    0.000    0.000   -0.015   -0.080    0.000
  2   4      1       0     1 |    0.010    0.000    0.000    0.000    0.000   -0.154
  2   4      1       1     1 |   -0.015    0.000   -0.008    0.000   -0.080    0.000
  3   0      0       0     0 |   -0.341    0.196   -0.035   -0.072   -0.213   -0.213
  3   0      0       0     1 |   -0.080   -0.028   -0.015   -0.284   -0.080   -0.284
  3   0      1       0     0 |   -0.342   -0.008   -0.022   -0.285   -0.154   -0.284
  3   0      1       0     1 |   -0.154   -0.008   -0.022   -0.154   -0.080   -0.080
  3   0      1       1     1 |    0.000    0.000   -0.015    0.000    0.000   -0.080
  3   1      0       0     0 |   -0.004   -0.014   -0.019   -0.090    1.536   -0.124
  3   1      0       0     1 |   -0.015    0.000   -0.023   -0.284    0.800   -0.221
  3   1      1       0     0 |   -0.009   -0.022   -0.015   -0.221   -0.080   -0.284
  3   1      1       0     1 |   -0.015   -0.008    0.000   -0.080   -0.221   -0.080
  3   2      0       0     0 |    0.055   -0.008    0.023    0.000   -0.152   -0.220
  3   2      0       0     1 |    0.000   -0.800    0.000    0.000    0.000    0.000
  3   2      1       0     0 |   -0.009    0.000   -0.030   -0.154   -0.154   -0.154
  3   2      1       0     1 |    0.000    0.111   -0.008    0.000    0.000    0.000
  3   2      1       1     1 |    0.000    0.000   -0.008    0.000    0.000   -0.080
  3   3      0       0     0 |    0.000   -0.022    0.211   -0.137   -0.524   -0.080
  3   3      1       0     0 |    0.000   -0.008    0.048    0.000    0.000   -0.080
  3   3      1       0     1 |    0.001    0.000    0.020   -0.080    0.076    4.426
  3   3      1       1     1 |   -0.008   -0.008    0.000   -0.008    0.000   -0.154
  3   4      0       0     0 |   -0.015   -0.530   -0.030   -0.534   -0.532   -0.569
  3   4      1       0     0 |   -0.015   -0.154   -0.008   -0.285   -0.080   -0.080
  3   4      1       1     1 |    0.000   -0.284   -0.008   -0.221   -0.154    0.000
  4   3      1       1     1 |    0.000    0.000    0.000   -0.008    0.000    0.000
  5   0      1       1     1 |    0.000    0.000    0.000    7.992    0.000    0.000
  5   1      1       1     1 |   -0.008    0.000    0.000    0.000    0.000    0.000
  5   3      1       1     1 |    0.000   -0.008    0.000   -0.008    0.000    0.000
  5   4      1       1     1 |    0.000    0.000    0.000   -0.008    0.000    0.000
  6   1      1       1     1 |    0.000    0.000   -0.008    0.000    0.000    0.000
  6   2      1       1     1 |   -0.008    0.000    0.000    0.000    0.000    0.000
  6   3      1       1     1 |   -0.008   -0.008   -0.008    0.000    0.000   -0.154
  6   4      1       1     1 |   -0.015    0.000    0.000    0.000    0.000    0.000

Total estados: 97
Alpha: 0.08, Gamma: 0.99
Epsilon: 0.999400